0000000100000001010000001110000000000101    #Linha 0
0000000000000000000000000000000000000000    #Linha 1
0000000000000000000000000000000000000000    #Linha 2
0000000000000000000000000000000000000000    #Linha 3
0000000000000000000000000000000000000000    #Linha 4
0000000000000000000000000101000000010101    #Linha 5
0010000100000001011000000000000000000000    #Linha 6
0000000000000000000000000000000000000000    #Linha 7
0000000000000000000000000000000000000000    #Linha 8
0000000000000000000000000000000000000000    #Linha 9
0000000000000000000000000000000000000000    #Linha 10
0000000000000000000000000000000000000000    #Linha 11
0000000000000000000000000000000000000000    #Linha 12
0000000000000000000000000000000000000000    #Linha 13
0000000000000000000000000000000000000000    #Linha 14
0000000000000000000000000000000000000000    #Linha 15
0000000000000000000000000000000000000000    #Linha 16
0000000000000000000000000000000000000000    #Linha 17
0000000000000000000000000000000000000000    #Linha 18
0000000000000000000000000000000000000000    #Linha 19
0000000000000000000000000000000000000101    #Linha 20
0000000000000000000000000000000000001001    #Linha 21
0000000000000000000000000000000000000000    #Linha 22
0000000000000000000000000000000000000000
0000000000000000000000000000000000000000
0000000000000000000000000000000000000000
0000000000000000000000000000000000000000
0000000000000000000000000000000000000000
0000000000000000000000000000000000000000
0000000000000000000000000000000000000000
0000000000000000000000000000000000000000
0000000000000000000000000000000000000000
0000000000000000000000000000000000000000
0000000000000000000000000000000000000000
0000000000000000000000000000000000000000